"행정구역별(1)","특성별(1)",특성별(2),2019,2019,2019,2019,2019
"행정구역별(1)","특성별(1)",특성별(2),계,매우 믿을 수 있음,약간 믿을 수 있음,별로 믿을 수 없음,전혀 믿을 수 없음
"전국","전체",계,100.0,3.2,47.7,43.1,5.9
"전국","동·읍면부",동부,100.0,2.9,47.3,43.7,6.1
"전국","동·읍면부",읍면부,100.0,4.3,49.9,40.8,5.0
"전국","성별",남자,100.0,3.5,47.4,42.9,6.2
"전국","성별",여자,100.0,2.9,48.1,43.4,5.7
"전국","연령",13∼19세,100.0,5.0,49.7,39.5,5.7
"전국","연령",20∼29세,100.0,2.6,42.5,47.0,7.9
"전국","연령",30∼39세,100.0,2.2,46.4,45.3,6.1
"전국","연령",40∼49세,100.0,2.9,50.4,42.2,4.5
"전국","연령",50∼59세,100.0,3.4,48.6,42.2,5.8
"전국","연령",60세 이상,100.0,3.6,48.5,42.0,5.8
"전국","연령",65세 이상,100.0,3.8,49.3,41.1,5.7
"전국","교육정도",초졸이하,100.0,4.4,49.4,40.6,5.6
"전국","교육정도",중 졸,100.0,4.0,46.3,43.8,5.8
"전국","교육정도",고 졸,100.0,3.0,43.3,46.8,6.9
"전국","교육정도",대졸이상,100.0,2.7,51.9,40.2,5.2
"전국","혼인상태",미? 혼,100.0,3.3,44.7,44.9,7.1
"전국","혼인상태",배우자 있음,100.0,3.0,49.7,42.0,5.3
"전국","혼인상태",사? 별,100.0,4.3,49.9,40.7,5.2
"전국","혼인상태",이? 혼,100.0,2.8,41.4,48.2,7.6
"전국","경제활동상태",취? 업,100.0,3.2,48.1,42.9,5.9
"전국","경제활동상태",실업 및 비경제활동,100.0,3.2,47.3,43.5,6.0
"전국","산업",농림어업,100.0,6.0,51.3,38.2,4.5
"전국","산업",광업·제조업,100.0,3.0,45.7,45.9,5.5
"전국","산업",사회간접자본?기타서비스업,100.0,3.0,48.4,42.5,6.1
"전국","직업",전문관리,100.0,3.0,54.1,38.2,4.7
"전국","직업",사? 무,100.0,2.7,50.3,41.7,5.3
"전국","직업",서비스판매,100.0,2.9,44.9,44.6,7.6
"전국","직업",농어업,100.0,6.2,51.4,38.1,4.3
"전국","직업",기능노무,100.0,3.2,44.0,46.7,6.0
"전국","종사상지위",임금근로자,100.0,3.1,48.2,42.9,5.8
"전국","종사상지위",고용주,100.0,3.4,46.5,43.7,6.4
"전국","종사상지위",자영자,100.0,3.2,47.2,43.5,6.1
"전국","가구소득",100만원 미만,100.0,3.5,44.7,45.0,6.8
"전국","가구소득",100∼200만원 미만,100.0,3.8,42.7,46.5,7.1
"전국","가구소득",200∼300만원 미만,100.0,2.9,46.9,44.2,6.0
"전국","가구소득",300∼400만원 미만,100.0,2.5,47.3,43.9,6.3
"전국","가구소득",400~500만원 미만,100.0,2.6,49.8,42.1,5.4
"전국","가구소득",500∼600만원 미만,100.0,3.9,51.2,40.1,4.9
"전국","가구소득",600만원 이상,100.0,3.6,52.6,39.1,4.8
"전국","연령*성별",13~19세*남자,100.0,6.8,49.7,38.4,5.2
"전국","연령*성별",13~19세*여자,100.0,3.2,49.8,40.8,6.2
"전국","연령*성별",20∼29세*남자,100.0,2.9,42.4,46.4,8.3
"전국","연령*성별",20∼29세*여자,100.0,2.3,42.6,47.5,7.6
"전국","연령*성별",30∼39세*남자,100.0,2.3,46.3,44.5,6.9
"전국","연령*성별",30∼39세*여자,100.0,2.0,46.5,46.2,5.3
"전국","연령*성별",40∼49세*남자,100.0,3.0,50.0,42.3,4.7
"전국","연령*성별",40∼49세*여자,100.0,2.9,50.7,42.1,4.3
"전국","연령*성별",50∼59세*남자,100.0,3.8,48.6,42.0,5.7
"전국","연령*성별",50∼59세*여자,100.0,3.0,48.6,42.4,6.0
"전국","연령*성별",60세 이상*남자,100.0,3.7,47.6,42.4,6.3
"전국","연령*성별",60세 이상*여자,100.0,3.5,49.3,41.7,5.4
"전국","연령*성별",65세 이상*남자,100.0,3.9,48.0,41.6,6.5
"전국","연령*성별",65세 이상*여자,100.0,3.8,50.3,40.8,5.1
"전국","연령*교육정도",30∼39세*중졸이하,100.0,5.3,32.6,51.6,10.5
"전국","연령*교육정도",30∼39세*고졸,100.0,2.5,36.3,53.4,7.7
"전국","연령*교육정도",30∼39세*대졸이상,100.0,2.0,51.0,41.7,5.3
"전국","연령*교육정도",40∼49세*중졸이하,100.0,4.7,43.8,45.8,5.7
"전국","연령*교육정도",40∼49세*고졸,100.0,2.4,43.9,48.1,5.6
"전국","연령*교육정도",40∼49세*대졸이상,100.0,3.2,55.5,37.7,3.7
"전국","연령*교육정도",50∼59세*중졸이하,100.0,4.1,42.1,47.2,6.6
"전국","연령*교육정도",50∼59세*고졸,100.0,3.2,46.4,44.3,6.1
"전국","연령*교육정도",50∼59세*대졸이상,100.0,3.3,55.7,36.0,4.9
"전국","연령*교육정도",60세 이상*중졸이하,100.0,3.8,48.9,42.1,5.3
"전국","연령*교육정도",60세 이상*고졸,100.0,3.3,46.6,43.1,7.1
"전국","연령*교육정도",60세 이상*대졸이상,100.0,3.3,51.0,39.8,5.9
"전국","연령*교육정도",65세 이상*중졸이하,100.0,4.0,49.9,41.1,5.0
"전국","연령*교육정도",65세 이상*고졸,100.0,3.4,48.1,40.9,7.5
"전국","연령*교육정도",65세 이상*대졸이상,100.0,3.9,48.1,41.5,6.5
"전국","연령*교육정도",13~29세*중졸이하,100.0,5.2,50.6,38.3,5.9
"전국","연령*교육정도",13~29세*고졸,100.0,3.1,41.2,47.7,8.0
"전국","연령*교육정도",13~29세*대졸이상,100.0,2.5,45.4,45.1,7.0
"서울특별시","전체",계,100.0,2.9,47.0,43.6,6.5
"서울특별시","성별",남자,100.0,3.4,46.8,43.1,6.7
"서울특별시","성별",여자,100.0,2.5,47.1,44.1,6.3
"부산광역시","전체",계,100.0,2.1,49.9,41.7,6.3
"부산광역시","성별",남자,100.0,2.3,49.3,41.8,6.5
"부산광역시","성별",여자,100.0,1.9,50.5,41.6,6.0
"대구광역시","전체",계,100.0,1.6,50.3,43.4,4.7
"대구광역시","성별",남자,100.0,1.3,49.5,43.5,5.7
"대구광역시","성별",여자,100.0,1.9,51.0,43.4,3.8
"인천광역시","전체",계,100.0,3.5,44.2,45.9,6.4
"인천광역시","성별",남자,100.0,4.1,43.6,45.1,7.2
"인천광역시","성별",여자,100.0,3.0,44.8,46.6,5.6
"광주광역시","전체",계,100.0,3.3,46.3,46.5,4.0
"광주광역시","성별",남자,100.0,3.1,46.8,46.0,4.1
"광주광역시","성별",여자,100.0,3.4,45.8,47.0,3.9
"대전광역시","전체",계,100.0,3.6,46.2,43.8,6.4
"대전광역시","성별",남자,100.0,3.7,49.0,41.5,5.8
"대전광역시","성별",여자,100.0,3.5,43.5,46.0,7.1
"울산광역시","전체",계,100.0,2.2,53.0,38.1,6.7
"울산광역시","성별",남자,100.0,2.3,53.2,37.3,7.2
"울산광역시","성별",여자,100.0,2.1,52.8,39.0,6.1
"세종특별자치시","전체",계,100.0,3.5,49.8,40.8,5.8
"세종특별자치시","성별",남자,100.0,3.2,50.1,40.7,6.0
"세종특별자치시","성별",여자,100.0,3.9,49.5,40.9,5.7
"경기도","전체",계,100.0,3.4,45.3,44.8,6.5
"경기도","성별",남자,100.0,3.8,44.7,45.4,6.1
"경기도","성별",여자,100.0,2.9,46.0,44.2,6.9
"강원도","전체",계,100.0,2.7,56.9,34.9,5.5
"강원도","성별",남자,100.0,3.5,57.6,32.9,6.0
"강원도","성별",여자,100.0,1.8,56.3,36.9,5.0
"충청북도","전체",계,100.0,3.7,50.6,41.1,4.6
"충청북도","성별",남자,100.0,4.1,50.3,40.9,4.7
"충청북도","성별",여자,100.0,3.3,50.9,41.3,4.5
"충청남도","전체",계,100.0,4.6,44.3,45.4,5.7
"충청남도","성별",남자,100.0,4.1,45.4,44.5,6.0
"충청남도","성별",여자,100.0,5.1,43.2,46.4,5.4
"전라북도","전체",계,100.0,2.8,51.7,41.9,3.6
"전라북도","성별",남자,100.0,2.9,53.0,39.6,4.6
"전라북도","성별",여자,100.0,2.8,50.4,44.1,2.7
"전라남도","전체",계,100.0,4.6,57.3,33.7,4.3
"전라남도","성별",남자,100.0,4.4,57.1,33.3,5.1
"전라남도","성별",여자,100.0,4.8,57.5,34.2,3.5
"경상북도","전체",계,100.0,3.4,47.4,42.6,6.6
"경상북도","성별",남자,100.0,4.2,46.9,40.9,8.1
"경상북도","성별",여자,100.0,2.7,47.9,44.4,5.1
"경상남도","전체",계,100.0,3.7,45.4,45.4,5.6
"경상남도","성별",남자,100.0,3.5,42.7,47.5,6.2
"경상남도","성별",여자,100.0,3.8,48.0,43.3,4.9
"제주특별자치도","전체",계,100.0,3.2,59.0,33.8,4.0
"제주특별자치도","성별",남자,100.0,4.3,57.8,34.1,3.9
"제주특별자치도","성별",여자,100.0,2.1,60.2,33.6,4.1
