"행정구역별(1)","특성별(1)",특성별(2),2019,2019,2019,2019,2019,2019
"행정구역별(1)","특성별(1)",특성별(2),계,- 매우 부담됨,- 약간 부담됨,- 보통,- 별로 부담되지 않음,- 전혀 부담되지 않음
"전국","전체",계,100.0,17.0,38.9,36.0,6.2,1.9
"전국","동·읍면부",동부,100.0,17.0,39.3,36.0,5.8,1.9
"전국","동·읍면부",읍면부,100.0,16.9,36.7,36.0,8.0,2.4
"전국","성별",남자,100.0,17.1,38.3,36.3,6.3,2.1
"전국","성별",여자,100.0,16.8,39.9,35.6,6.1,1.7
"전국","연령",15~29세,,,,,,
"전국","연령",19~29세,100.0,13.1,34.1,43.8,6.6,2.4
"전국","연령",30∼39세,100.0,14.2,40.1,38.1,5.3,2.2
"전국","연령",40∼49세,100.0,18.8,40.9,33.3,5.5,1.4
"전국","연령",50∼59세,100.0,18.8,39.3,34.1,6.2,1.6
"전국","연령",60세 이상,100.0,18.2,37.5,33.9,8.0,2.5
"전국","연령",65세 이상,100.0,18.0,37.0,34.2,8.4,2.4
"전국","교육정도",초졸이하,100.0,18.3,35.9,34.3,9.3,2.2
"전국","교육정도",중 졸,100.0,18.5,37.2,34.9,7.3,2.1
"전국","교육정도",고 졸,100.0,17.9,39.3,35.6,5.4,1.9
"전국","교육정도",대졸이상,100.0,15.9,39.2,36.6,6.3,2.0
"전국","혼인상태",미? 혼,100.0,13.3,35.9,41.4,6.9,2.5
"전국","혼인상태",배우자 있음,100.0,17.9,40.3,34.2,5.7,1.8
"전국","혼인상태",사? 별,100.0,20.9,35.7,33.6,7.3,2.4
"전국","혼인상태",이? 혼,100.0,18.4,37.8,35.0,7.8,1.1
"전국","경제활동상태",취? 업,100.0,16.3,39.0,36.6,6.2,1.9
"전국","경제활동상태",실업 및 비경제활동,100.0,22.9,38.3,30.7,6.1,1.9
"전국","산업",농림어업,100.0,14.6,38.3,35.1,9.5,2.5
"전국","산업",광공업,100.0,16.4,41.3,34.9,5.6,1.8
"전국","산업",사회간접자본?기타서비스업,100.0,16.4,38.3,37.0,6.3,2.0
"전국","직업",전문관리,100.0,14.1,39.2,37.8,6.4,2.5
"전국","직업",사? 무,100.0,14.9,40.0,36.9,6.4,1.8
"전국","직업",서비스판매,100.0,19.9,37.1,35.8,5.4,1.8
"전국","직업",농어업,100.0,13.6,38.5,36.0,9.5,2.4
"전국","직업",기능노무,100.0,16.8,39.6,35.7,6.1,1.8
"전국","종사상지위",임금근로자,100.0,14.3,38.7,38.5,6.6,2.0
"전국","종사상지위",고용주,100.0,25.5,41.7,27.0,3.5,2.3
"전국","종사상지위",자영자,100.0,23.2,39.2,30.4,5.6,1.6
"전국","주관적 만족감",만족,100.0,14.6,38.8,36.6,7.5,2.5
"전국","주관적 만족감",보통,100.0,15.8,38.7,38.6,5.4,1.5
"전국","주관적 만족감",불만족,100.0,26.1,39.6,27.5,5.1,1.7
"전국","가구소득",100만원 미만,100.0,21.9,34.9,33.9,7.2,2.1
"전국","가구소득",100∼200만원 미만,100.0,18.5,36.8,36.0,6.8,2.0
"전국","가구소득",200∼300만원 미만,100.0,15.1,39.5,37.8,5.8,1.8
"전국","가구소득",300∼400만원 미만,100.0,16.8,38.5,37.7,5.2,1.8
"전국","가구소득",400~500만원 미만,100.0,17.0,40.2,34.8,6.1,1.9
"전국","가구소득",500∼600만원 미만,100.0,15.6,40.4,36.7,5.6,1.6
"전국","가구소득",600만원 이상,100.0,17.3,39.4,33.6,7.3,2.4
"전국","연령*성별",15~29세*남자,,,,,,
"전국","연령*성별",15~29세*여자,,,,,,
"전국","연령*성별",19∼29세*남자,100.0,13.5,30.6,46.4,6.4,3.2
"전국","연령*성별",19∼29세*여자,100.0,12.8,37.5,41.3,6.8,1.6
"전국","연령*성별",30∼39세*남자,100.0,14.7,38.5,38.5,5.7,2.6
"전국","연령*성별",30∼39세*여자,100.0,13.3,42.9,37.4,4.8,1.6
"전국","연령*성별",40∼49세*남자,100.0,19.1,40.2,33.9,5.4,1.5
"전국","연령*성별",40∼49세*여자,100.0,18.4,42.1,32.5,5.7,1.3
"전국","연령*성별",50∼59세*남자,100.0,18.0,39.9,33.7,6.6,1.8
"전국","연령*성별",50∼59세*여자,100.0,19.9,38.2,34.9,5.7,1.3
"전국","연령*성별",60세 이상*남자,100.0,17.9,37.5,34.6,7.8,2.1
"전국","연령*성별",60세 이상*여자,100.0,18.7,37.3,32.3,8.3,3.4
"전국","연령*성별",65세 이상*남자,100.0,18.0,37.7,34.9,7.6,1.8
"전국","연령*성별",65세 이상*여자,100.0,18.1,35.4,32.8,10.0,3.7
"서울특별시","전체",계,100.0,16.4,36.5,38.0,6.2,2.9
"서울특별시","성별",남자,100.0,16.3,35.6,38.6,6.0,3.5
"서울특별시","성별",여자,100.0,16.6,37.6,37.2,6.5,2.1
"부산광역시","전체",계,100.0,18.1,38.5,37.2,5.1,1.1
"부산광역시","성별",남자,100.0,18.4,37.8,37.6,5.2,1.0
"부산광역시","성별",여자,100.0,17.6,39.7,36.6,4.9,1.1
"대구광역시","전체",계,100.0,12.9,42.3,35.4,6.4,3.0
"대구광역시","성별",남자,100.0,14.3,42.9,33.0,7.3,2.4
"대구광역시","성별",여자,100.0,10.6,41.4,39.3,4.9,3.8
"인천광역시","전체",계,100.0,17.3,42.2,31.7,6.2,2.5
"인천광역시","성별",남자,100.0,17.8,40.9,32.4,5.9,2.9
"인천광역시","성별",여자,100.0,16.5,44.4,30.6,6.7,1.8
"광주광역시","전체",계,100.0,9.3,44.4,38.3,7.0,1.0
"광주광역시","성별",남자,100.0,10.0,43.3,38.2,7.1,1.4
"광주광역시","성별",여자,100.0,8.4,46.0,38.5,6.7,0.4
"대전광역시","전체",계,100.0,16.2,40.0,36.7,6.4,0.5
"대전광역시","성별",남자,100.0,16.7,38.9,37.7,6.0,0.7
"대전광역시","성별",여자,100.0,15.6,41.7,35.2,7.1,0.4
"울산광역시","전체",계,100.0,20.5,36.5,37.8,4.6,0.5
"울산광역시","성별",남자,100.0,21.4,37.7,36.3,4.2,0.4
"울산광역시","성별",여자,100.0,18.9,34.5,40.5,5.4,0.6
"세종특별자치시","전체",계,100.0,16.3,36.5,38.8,5.6,2.7
"세종특별자치시","성별",남자,100.0,18.5,32.3,40.6,5.7,2.9
"세종특별자치시","성별",여자,100.0,12.6,43.7,35.8,5.5,2.4
"경기도","전체",계,100.0,19.4,39.8,33.6,5.8,1.4
"경기도","성별",남자,100.0,18.6,39.2,34.7,6.0,1.5
"경기도","성별",여자,100.0,20.7,40.7,31.9,5.4,1.2
"강원도","전체",계,100.0,14.0,38.0,40.8,5.5,1.7
"강원도","성별",남자,100.0,14.4,38.7,40.1,5.1,1.7
"강원도","성별",여자,100.0,13.3,37.0,41.9,6.0,1.7
"충청북도","전체",계,100.0,16.6,41.9,33.3,6.9,1.4
"충청북도","성별",남자,100.0,18.4,40.3,32.7,7.3,1.3
"충청북도","성별",여자,100.0,13.5,44.5,34.3,6.2,1.5
"충청남도","전체",계,100.0,15.9,33.6,42.2,5.4,3.0
"충청남도","성별",남자,100.0,16.5,34.7,41.2,4.6,3.0
"충청남도","성별",여자,100.0,14.6,31.6,44.1,6.7,2.9
"전라북도","전체",계,100.0,13.0,39.4,38.8,7.0,1.7
"전라북도","성별",남자,100.0,11.8,37.5,41.4,7.5,1.8
"전라북도","성별",여자,100.0,14.7,42.6,34.8,6.3,1.6
"전라남도","전체",계,100.0,14.3,39.6,38.0,6.4,1.7
"전라남도","성별",남자,100.0,14.8,40.9,35.8,6.5,1.9
"전라남도","성별",여자,100.0,13.5,37.1,42.0,6.2,1.2
"경상북도","전체",계,100.0,20.2,39.7,32.1,6.8,1.3
"경상북도","성별",남자,100.0,20.8,39.4,31.0,7.7,1.1
"경상북도","성별",여자,100.0,19.0,40.1,34.0,5.2,1.6
"경상남도","전체",계,100.0,15.4,38.0,36.2,7.6,2.8
"경상남도","성별",남자,100.0,16.3,35.8,37.1,7.7,3.1
"경상남도","성별",여자,100.0,13.9,41.7,34.6,7.4,2.4
"제주특별자치도","전체",계,100.0,16.7,33.3,37.5,10.5,2.0
"제주특별자치도","성별",남자,100.0,16.5,34.2,37.6,10.5,1.2
"제주특별자치도","성별",여자,100.0,16.9,32.2,37.3,10.6,3.0
