행정구역(시도)별(1),특성별(1),특성별(2),2020,매우 만족,약간 만족,보통,약간 불만족,매우 불만족
행정구역(시도)별(1),특성별(1),특성별(2),계,매우 만족,약간 만족,보통,약간 불만족,매우 불만족
전국,전체,계,100,24.1,39,28.2,8,0.7
전국,동·읍면부,동부,100,24.1,38.7,28.4,8.2,0.7
전국,동·읍면부,읍면부,100,24.1,40.6,27.1,7.4,0.8
전국,성별,남자,100,23.9,38.2,28.8,8.4,0.8
전국,성별,여자,100,24.3,39.7,27.6,7.8,0.7
전국,연령,13∼19세,100,41.8,36,18.1,4,0.2
전국,연령,20∼29세,100,21.7,39.3,32.8,5.7,0.5
전국,연령,30∼39세,100,22.3,35.6,33.4,7.7,1
전국,연령,40∼49세,100,20.8,40.1,29,8.9,1.1
전국,연령,50∼59세,100,21.8,40.2,27.6,9.8,0.6
전국,연령,60세이상,100,24.9,39.8,25.9,8.7,0.7
전국,연령,65세이상,100,25.3,39.9,25.8,8.4,0.6
전국,교육정도,초졸이하,100,27.5,40.5,24.6,6.4,1
전국,교육정도,중 졸,100,27.6,37.4,25.4,9.1,0.5
전국,교육정도,고 졸,100,23.6,37.5,29.2,9,0.7
전국,교육정도,대졸이상,100,22.1,40.4,29.5,7.3,0.7
전국,혼인상태,미? 혼,100,27.1,38.2,28,6,0.6
전국,혼인상태,배우자 있음,100,22.6,39.5,28.4,8.9,0.7
전국,혼인상태,사? 별,100,26.8,40.2,26,6.2,0.8
전국,혼인상태,이? 혼,100,21.8,35.8,29.4,11.5,1.5
전국,경제활동,취? 업,100,22.1,39.9,29.7,7.7,0.7
전국,경제활동,실업 및 비경제활동,100,26.2,38.1,26.6,8.4,0.7
전국,산업,농림어업,100,25.5,44.4,22.9,6.9,0.3
전국,산업,광공업,100,21.4,37,32.7,7.8,1.1
전국,산업,사회간접자본 기타서비스업,100,21.9,40.1,29.6,7.8,0.6
전국,직업,전문관리,100,23.9,42.9,26.3,6.5,0.4
전국,직업,사? 무,100,20.8,39.9,31.5,6.5,1.4
전국,직업,서비스판매,100,22.3,36.9,32.1,8.3,0.4
전국,직업,농어업,100,25.9,44.5,22.3,7,0.3
전국,직업,기능노무,100,20.5,38.3,31.1,9.4,0.8
전국,종사상의 지위,임금근로자,100,22.2,40.3,29.6,7.1,0.7
전국,종사상의 지위,고용주,100,21.9,37.2,30,10.4,0.4
전국,종사상의 지위,자영자,100,20,38.5,31.1,9.7,0.6
전국,주관적 만족감,만족,100,31.9,41.8,19.6,6.4,0.3
전국,주관적 만족감,보통,100,18.5,38,34.9,7.9,0.7
전국,주관적 만족감,불만족,100,17.3,32.9,33.6,14,2.1
전국,가구소득,100만원 미만,100,26.6,39.1,25.3,7.9,1.1
전국,가구소득,100∼200만원 미만,100,23.7,39.2,27.6,8.7,0.9
전국,가구소득,200∼300만원 미만,100,22.9,37.5,30.5,8.7,0.4
전국,가구소득,300∼400만원 미만,100,21.8,36.2,32.4,8.9,0.8
전국,가구소득,400~500만원 미만,100,22.3,42.4,26.5,8.1,0.7
전국,가구소득,500∼600만원 미만,100,23.8,38.5,29.7,7.7,0.4
전국,가구소득,600만원 이상,100,27.6,41,24.5,6.2,0.7
전국,연령*성별,13~19세*남자,100,42.4,34,19.2,4.5,-
전국,연령*성별,13~19세*여자,100,41.1,38.3,16.8,3.5,0.4
전국,연령*성별,20∼29세*남자,100,20.6,39,34.8,4.9,0.7
전국,연령*성별,20∼29세*여자,100,22.6,39.6,31.2,6.4,0.3
전국,연령*성별,30∼39세*남자,100,22.8,35.1,32.8,8.4,1
전국,연령*성별,30∼39세*여자,100,22,36,34,7,1
전국,연령*성별,40∼49세*남자,100,20.2,38.8,30.1,9.6,1.3
전국,연령*성별,40∼49세*여자,100,21.4,41.3,28,8.3,1
전국,연령*성별,50∼59세*남자,100,21.8,38.5,29.5,9.7,0.6
전국,연령*성별,50∼59세*여자,100,21.8,41.8,25.9,9.9,0.6
전국,연령*성별,60세 이상*남자,100,24.1,39.9,25.7,9.5,0.7
전국,연령*성별,60세 이상*여자,100,25.5,39.7,26,8.1,0.6
전국,연령*성별,65세 이상*남자,100,25.1,39.5,25.1,9.5,0.8
전국,연령*성별,65세 이상*여자,100,25.5,40.1,26.5,7.5,0.4
전국,장애인복지카드 소유여부,장애인 복지카드 있음,100,25.6,38.5,26.4,8.2,1.3
전국,장애인복지카드 소유여부,장애인 복지카드 없음,100,24,39,28.3,8,0.7
서울특별시,전체,계,100,26.2,41,24.7,7.7,0.4
서울특별시,성별,남자,100,27.4,37.6,26.2,8.6,0.2
서울특별시,성별,여자,100,25.3,43.8,23.4,7,0.5
부산광역시,전체,계,100,27.4,38.7,23.1,10.6,0.2
부산광역시,성별,남자,100,27.8,38.2,23.2,10.8,-
부산광역시,성별,여자,100,27,39.1,23.1,10.5,0.4
대구광역시,전체,계,100,24.3,41.6,25,8.5,0.7
대구광역시,성별,남자,100,20.4,41.8,28.7,8,1.1
대구광역시,성별,여자,100,27.6,41.5,21.7,8.9,0.3
인천광역시,전체,계,100,23.4,33.6,33.1,8.8,1.1
인천광역시,성별,남자,100,21.9,36.4,29.6,10.9,1.2
인천광역시,성별,여자,100,24.7,31,36.4,6.8,1
광주광역시,전체,계,100,22.5,45,26.8,4.9,0.8
광주광역시,성별,남자,100,27.6,38.8,31.1,1.8,0.8
광주광역시,성별,여자,100,18,50.6,23,7.6,0.8
대전광역시,전체,계,100,27.6,35.5,28,6.5,2.5
대전광역시,성별,남자,100,28.3,38.5,25.3,4.8,3.1
대전광역시,성별,여자,100,27,32.6,30.5,8.1,1.9
울산광역시,전체,계,100,21.7,42.6,27.3,7.3,1.1
울산광역시,성별,남자,100,20.5,41.6,29.3,6.6,2
울산광역시,성별,여자,100,22.8,43.5,25.4,8,0.3
세종특별자치시,전체,계,100,23.4,41.4,26.1,9.2,-
세종특별자치시,성별,남자,100,24,44.4,23,8.6,-
세종특별자치시,성별,여자,100,22.8,38.8,28.8,9.6,-
경기도,전체,계,100,22.5,36.1,31.7,8.9,0.8
경기도,성별,남자,100,21.4,36.1,32.5,9.3,0.8
경기도,성별,여자,100,23.5,36.2,31,8.5,0.8
강원도,전체,계,100,28.1,42,25.4,4.4,0.2
강원도,성별,남자,100,26.7,41.6,27,4.4,0.3
강원도,성별,여자,100,29.4,42.3,23.9,4.3,-
충청북도,전체,계,100,24.6,39.8,24.7,9.1,1.8
충청북도,성별,남자,100,22.5,41.8,23.7,10.9,1.2
충청북도,성별,여자,100,26.9,37.7,25.8,7.3,2.4
충청남도,전체,계,100,24.5,38.8,30.4,5.9,0.4
충청남도,성별,남자,100,25.4,40.4,27.6,5.8,0.8
충청남도,성별,여자,100,23.7,37.4,33,5.9,-
전라북도,전체,계,100,25,39.1,28.1,7.2,0.6
전라북도,성별,남자,100,27.8,37.6,27.1,6.7,0.7
전라북도,성별,여자,100,22.3,40.6,28.9,7.6,0.5
전라남도,전체,계,100,23.5,40.5,27.3,8.1,0.7
전라남도,성별,남자,100,25.8,38.3,25.1,10.5,0.4
전라남도,성별,여자,100,21.3,42.6,29.4,5.7,1
경상북도,전체,계,100,18.3,41.6,31.4,8,0.9
경상북도,성별,남자,100,19.5,37.2,35,7.7,0.7
경상북도,성별,여자,100,17,46.4,27.4,8.2,1
경상남도,전체,계,100,23.5,41.1,27.9,7.1,0.6
경상남도,성별,남자,100,21,42.9,28.5,6.8,0.8
경상남도,성별,여자,100,25.8,39.3,27.3,7.3,0.4
제주특별자치도,전체,계,100,23,37.3,29.5,9.1,1.1
제주특별자치도,성별,남자,100,19.5,36.5,32.9,8.8,2.2
제주특별자치도,성별,여자,100,26.3,38,26.3,9.4,-
